0 1
0 .24
.24 .32
.32 .36
.36 .40
.40 .48
.48 .52
.52 .59
.59 .64
.64 .67
.67 .70
.70 .90
.90 .93
.93 .99
.99 1.03
1.03 1.07
1.07 1.13
1.13 1.18
1.18 1.25
1.25 1.30
1.30 1.40
1.40 1.45
1.45 1.51
1.51 1.54
1.54 1.59
1.59 1.66
1.66 1.74
1.74 1.79
1.79 1.83
1.83 1.87
1.87 1.96
1.96 2.07
2.07 2.21
2.21 2.28
2.28 2.32
2.32 2.42
2.42 2.59
2.59 3.26
3.26 3.38
3.38 3.45
3.45 3.52
3.52 3.59
3.59 3.70
3.70 3.85
3.85 3.98
3.98 4.28
4.28 4.39
4.39 4.43
4.43 4.47
4.47 4.54
4.54 4.63
4.63 4.69
4.69 4.75
4.75 4.87
4.87 4.94
4.94 4.97
4.97 5.18
5.18 5.32
5.32 5.42
5.42 5.51
5.51 5.58
5.58 5.62
5.62 5.71
5.71 5.77
5.77 5.83
5.83 5.95
5.95 6.02
6.02 6.22
6.22 6.35
