SIL   0.2659287, 0.1255109, 0.1068731, 0.06009056, 0.05097824, 0.0304381, 0.05896236, 0.05449589, 0.02705593, 0.04480437, 0.07555585, 0.05705846, 0.104192, 0.05745506, 0.1179487, 0.1953249, 0.08088311, 0.163705, 0.2092664, 0.2103638, 0.2996778, 0.5964721, 0.3678363, 0.5504874, 0.6408364, 0.4014325, 0.6792119, 0.8309134, 0.7822444, 0.6439117, 0.8103475, 0.7972291, 0.903783, 0.7834632, 0.8152792, 0.7136896, 0.8581334, 0.161358, 0.1617447, 0.09418788, 0.2337333, 0.1164771, 0.07222985, 0.1529702, 0.1702183, 0.1867885, 0.2128214, 0.1472963, 0.1322677, 0.1488008, 0.8100131, 0.9294523, 0.7324771, 0.4874486
M_B   0.0003693021, 2.745331e-07, 2.711307e-06
IH1_I   2.667016e-08, 5.739257e-08, 2.255297e-08
S_I   1.879249e-06, 2.131011e-06, 5.650709e-07
T_I   2.35526e-06, 3.461656e-06, 2.911992e-08
ER0_E   1.299102e-06, 2.456764e-07, 4.033761e-09
K_B   6.257162e-07, 2.045331e-06, 5.230672e-08
W_I   1.799896e-06, 2.431424e-07, 2.613641e-07
IH1_I   1.136842e-05, 1.317433e-06, 1.004517e-07
L_I   3.132223e-07, 2.437057e-05, 3.078459e-07
T_I   9.676298e-05, 2.285075e-06, 1.503552e-07
ER0_E   4.214223e-07, 1.958416e-06, 4.361326e-06
IH1_B   2.769326e-05, 3.784277e-06, 4.571102e-07
Z_E   6.858988e-08, 1.114228e-05, 3.491428e-05
DH_B   3.487591e-05, 5.880575e-06, 2.881557e-05
AH1_E   0.0008141383, 0.00162277, 8.980102e-05
AH0_B   5.277738e-06, 1.621724e-05, 5.519193e-07
P_I   1.490368e-05, 0.001078053, 6.759723e-06
AA1_I   0.002889502, 0.0004764693, 1.665701e-05, 2.57084e-07
S_I   9.465098e-07, 2.024833e-08, 4.827928e-08
AH0_I   0.0001166745, 1.771261e-05, 2.805376e-05
L_E   9.760924e-05, 0.001823682, 0.005532253, 0.01442123, 0.09663806, 0.06941982, 0.101967, 0.00760224, 0.0001313578
AH1_B   5.76082e-05, 9.226561e-07, 1.119854e-06
V_E   3.22304e-06, 1.044134e-07, 3.211963e-06
DH_B   3.347234e-06, 2.165129e-06, 3.83288e-05
AH0_E   2.328262e-08, 4.512981e-07, 1.313012e-05
SIL   0.03304647, 0.2600334, 0.4199408, 0.1452565, 0.6067695, 0.5404697, 0.2400562, 0.07887106, 0.03771415, 0.03508697, 0.05912982, 0.09017982, 0.1040367, 0.04118047, 0.1102122, 0.2452046, 0.2051421, 0.0761197, 0.01734756, 0.03715373, 0.02773547, 0.01173942, 0.03095048, 0.01908957, 0.02716595, 0.04951326, 0.2182771, 0.1982618, 0.1515911, 0.2947642, 0.7112197, 0.8374311, 0.7809035, 0.8648564, 0.8193035, 0.6751636, 0.1896274, 0.1427426
M_B   0.009762354, 0.001874132, 3.712779e-05, 8.216651e-05, 0.0006560058, 0.003398968, 0.008938612, 0.02951231, 0.01419341, 0.001588358
IH1_I   0.0001605008, 0.000173263, 0.0004848486, 0.0001783025, 0.0009164269, 0.006017077, 5.014279e-06
D_I   1.376696e-07, 6.991989e-07, 5.327344e-08
AH0_I   7.154766e-08, 5.383748e-06, 2.582787e-06
L_E   0.0001777663, 0.0004503455, 0.0001227557, 0.08745831, 0.01420417, 0.108526, 0.1959467, 0.1332579, 0.0140692, 0.0056928, 0.006421005, 0.001059235, 0.000714021, 0.0002262869, 0.0004729091, 0.002660202, 0.003222044, 0.0003711249, 0.0001245571, 6.352632e-05, 0.0001116518, 1.942208e-05
SIL   0.01075365, 0.008947001, 0.01832311, 0.1471931, 0.2038237, 0.413689, 0.6052137, 0.4765635, 0.4746849, 0.5421589, 0.2092566, 0.2844069, 0.4471887, 0.2047361, 0.135915, 0.1826917, 0.1174144, 0.0335362, 0.1802298, 0.07191356, 0.1959178, 0.6999292, 0.671201, 0.2168129, 0.2003573
K_B   6.912979e-05, 8.747504e-06, 4.087609e-06
L_I   8.956522e-07, 1.896793e-05, 1.702459e-05
AE1_I   8.435285e-06, 4.100611e-07, 2.432126e-05
S_I   8.998229e-05, 0.001122363, 0.0003663605, 0.0009327382, 1.57866e-05
AH0_I   4.746384e-09, 3.17093e-08, 1.675291e-06
Z_E   7.717433e-05, 0.0007411108, 0.000120624, 0.0001741734, 0.0004493541, 0.001034602, 0.0017935, 0.002214565, 0.0001620919, 0.0005837122
AE1_B   2.620025e-05, 1.544686e-05, 6.092243e-08
N_I   0.0002087447, 0.0001603091, 0.0009154736, 0.0005448439, 0.0004483232, 0.001607395, 0.001031323, 0.001293664, 0.005888198, 0.002491326, 0.001322219, 0.004300919, 0.02055995, 0.01438668, 0.00609888, 0.004967459, 0.0008133115, 0.001588373, 0.002546947, 0.001058832, 0.0003334788, 4.240254e-05, 3.359341e-05
D_E   2.387807e-05, 2.97973e-05, 1.36993e-06
SIL   0.002883294, 0.03166639, 0.6060028, 0.3357589, 0.5276709, 0.5212856, 0.7113383, 0.729592, 0.889051, 0.7165235, 0.5196195, 0.2581681, 0.03091324, 0.01792742, 0.05895254, 0.1002228, 0.2349033, 0.243026, 0.1175889, 0.1205846, 0.2063975, 0.395054, 0.3829942, 0.6770402, 0.5997169, 0.2702765, 0.3012446, 0.4792134, 0.4366069, 0.9250202, 0.9378442, 0.9097114, 0.852271, 0.8410362, 0.7996575, 0.7640027, 0.8563306, 0.9254245, 0.9554511, 0.8941591, 0.8000656, 0.9036227, 0.9731048, 0.9548756, 0.8600816, 0.7535393
W_B   0.00200453, 0.0001037274, 4.292911e-06
IY1_E   4.871665e-08, 2.717065e-05, 3.322742e-06
ER0_S   1.063434e-05, 1.152647e-05, 4.321579e-06
G_B   7.463689e-08, 1.940351e-05, 3.388767e-06
L_I   4.500633e-07, 2.314725e-05, 2.201929e-07
AE1_I   5.022018e-05, 0.0001505878, 5.101509e-05
D_E   1.762324e-05, 0.0006882452, 0.0001311977
T_B   2.407168e-05, 3.423738e-05, 3.954607e-06
AH0_E   0.0009136907, 0.0006860289, 0.002732789, 0.001199054, 8.376595e-06
W_B   3.035218e-05, 1.827544e-06, 1.572409e-07
EH1_I   0.0003046907, 0.004873861, 6.492192e-05
L_I   2.448989e-06, 0.001088519, 0.00247647, 0.002727368, 0.003017225, 0.000260846, 0.00024737
K_I   1.304957e-06, 0.001752685, 0.000835847, 7.938344e-05
AH0_I   5.886771e-08, 0.00280704, 0.007260655, 0.005856632, 0.002154785, 0.006853376, 0.006015433, 0.004971906, 0.005325055, 0.003688404
M_E   1.626885e-06, 5.525052e-05, 1.581557e-05
SIL   0.01090158, 0.03145711, 0.0613575, 0.0886029, 0.07872137, 0.4453712, 0.2881782, 0.1805528, 0.1220831, 0.2762099, 0.06387638, 0.003794547, 0.00653889, 0.01168883, 0.1477667, 0.1850042, 0.2170252, 0.07165854, 0.1094891, 0.04416431, 0.0744949, 0.03514314, 0.07760595, 0.5666446, 0.2492497, 0.04829422, 0.009619229, 0.05647142, 0.1536368, 0.006724492, 0.001725966, 0.00206912, 0.01932604, 0.01381205, 0.01308326, 0.00385045, 0.009541337, 0.04393521, 0.01162938, 0.01282923, 0.004377954, 0.002700652, 0.0175631, 0.04786097, 0.1255472, 0.1984418, 0.02899908, 0.05555956, 0.09982849, 0.3089038, 0.6879931, 0.8793975, 0.7263025, 0.6865152, 0.6804799, 0.3352263, 0.09571712, 0.2224466, 0.5086904, 0.434111, 0.2319256, 0.1361891, 0.2413198, 0.3836854, 0.5274657, 0.5180133, 0.3952531, 0.2332132, 0.192927, 0.1089856, 0.3738619, 0.1467557, 0.1814363, 0.2826942, 0.2256948, 0.1752067, 0.2721024, 0.4414757, 0.4753097, 0.7262616, 0.9561455, 0.9547751, 0.7088586, 0.797353, 0.5430678, 0.7108534, 0.3616628, 0.631027, 0.9132866, 0.529734, 0.1047134, 0.08831506, 0.01851071, 0.07948826, 0.2466826, 0.2139129, 0.2917294, 0.2345975
HH_B   1.537253e-07, 1.607341e-06, 1.734654e-05
IH1_I   5.775727e-07, 0.0001036094, 0.0004366334, 0.001219538, 0.004427617, 0.007901344, 0.002145867, 0.002616282, 0.00125512, 0.0004529562
Z_E   0.0003115282, 0.000743775, 0.000660348, 0.0002563784, 2.228306e-05, 5.753496e-07
G_B   2.39193e-06, 7.127036e-06, 7.071701e-08
AO1_I   3.005557e-07, 7.475642e-06, 1.174799e-05
S_I   2.284237e-06, 0.0003678, 0.003993528, 0.002271577, 8.116924e-05
P_I   1.845366e-08, 5.578428e-06, 3.001379e-06
AH0_I   5.429819e-07, 2.424817e-06, 7.200805e-07
L_E   1.765755e-06, 5.999454e-06, 0.0007107308
SIL   0.20965, 0.678122, 0.7074417, 0.7226306, 0.8559991, 0.85991, 0.8848194, 0.962275, 0.9647463, 0.9749935, 0.9887051, 0.9690801, 0.9591712, 0.9716664, 0.9829262, 0.9841968, 0.9902251, 0.9847689, 0.9902248, 0.9913962, 0.98762, 0.9902811, 0.9725909, 0.9872286, 0.9966912, 0.9933999, 0.9928778, 0.9937581, 0.9821112, 0.9950564, 0.9977109, 0.9963659, 0.9975324, 0.9983947, 0.9993348, 0.9979626, 0.9943696, 0.9809693, 0.9933004, 0.9964618, 0.9745984, 0.9828233
